   211   5.5907   1   1   1   1   1   1
   212   5.5907   1   1   1   2   1   1
   213   5.5907   1   1   1   3   1   1
   214   5.5907   1   1   1   4   1   1
   215   5.5907   1   1   1   1   2   1
   216   5.5907   1   1   1   2   2   1
   217   5.5907   1   1   1   3   2   1
   218   5.5907   1   1   1   4   2   1
   219   5.5907   1   1   1   1   3   1
   220   5.5907   1   1   1   2   3   1
   221   5.5907   1   1   1   3   3   1
   222   5.5907   1   1   1   4   3   1
   223   5.5907   1   1   1   1   4   1
   224   5.5907   1   1   1   2   4   1
   225   5.5907   1   1   1   3   4   1
   226   5.5907   1   1   1   4   4   1
   227   5.5907   1   1   1   1   1   2
   228   5.5907   1   1   1   2   1   2
   229   5.5907   1   1   1   3   1   2
   230   5.5907   1   1   1   4   1   2
   231   5.5907   1   1   1   1   2   2
   232   5.5907   1   1   1   2   2   2
   233   5.5907   1   1   1   3   2   2
   234   5.5907   1   1   1   4   2   2
   235   5.5907   1   1   1   1   3   2
   236   5.5907   1   1   1   2   3   2
   237   5.5907   1   1   1   3   3   2
   238   5.5907   1   1   1   4   3   2
   239   5.5907   1   1   1   1   4   2
   240   5.5907   1   1   1   2   4   2
   241   5.5907   1   1   1   3   4   2
   242   5.5907   1   1   1   4   4   2
   243   5.5907   1   1   1   1   1   3
   244   5.5907   1   1   1   2   1   3
   245   5.5907   1   1   1   3   1   3
   246   5.5907   1   1   1   4   1   3
   247   5.5907   1   1   1   1   2   3
   248   5.5907   1   1   1   2   2   3
   249   5.5907   1   1   1   3   2   3
   250   5.5907   1   1   1   4   2   3
   251   5.5907   1   1   1   1   3   3
   252   5.5907   1   1   1   2   3   3
   253   5.5907   1   1   1   3   3   3
   254   5.5907   1   1   1   4   3   3
   255   5.5907   1   1   1   1   4   3
   256   5.5907   1   1   1   2   4   3
   257   5.5907   1   1   1   3   4   3
   258   5.5907   1   1   1   4   4   3
   259   5.5907   1   1   1   1   1   4
   260   5.5907   1   1   1   2   1   4
   261   5.5907   1   1   1   3   1   4
   262   5.5907   1   1   1   4   1   4
   263   5.5907   1   1   1   1   2   4
   264   5.5907   1   1   1   2   2   4
   265   5.5907   1   1   1   3   2   4
   266   5.5907   1   1   1   4   2   4
   267   5.5907   1   1   1   1   3   4
   268   5.5907   1   1   1   2   3   4
   269   5.5907   1   1   1   3   3   4
   270   5.5907   1   1   1   4   3   4
   271   5.5907   1   1   1   1   4   4
   272   5.5907   1   1   1   2   4   4
   273   5.5907   1   1   1   3   4   4
   274   5.5907   1   1   1   4   4   4
   275   5.33528   1   1   1   1   1   5
   276   5.33528   1   1   1   2   1   5
   277   5.33528   1   1   1   3   1   5
   278   5.33528   1   1   1   4   1   5
   279   5.33528   1   1   1   1   2   5
   280   5.33528   1   1   1   2   2   5
   281   5.33528   1   1   1   3   2   5
   282   5.33528   1   1   1   4   2   5
   283   5.33528   1   1   1   1   3   5
   284   5.33528   1   1   1   2   3   5
   285   5.33528   1   1   1   3   3   5
   286   5.33528   1   1   1   4   3   5
   287   5.33528   1   1   1   1   4   5
   288   5.33528   1   1   1   2   4   5
   289   5.33528   1   1   1   3   4   5
   290   5.33528   1   1   1   4   4   5
   291   5.33528   1   1   1   1   1   6
   292   5.33528   1   1   1   2   1   6
   293   5.33528   1   1   1   3   1   6
   294   5.33528   1   1   1   4   1   6
   295   5.33528   1   1   1   1   2   6
   296   5.33528   1   1   1   2   2   6
   297   5.33528   1   1   1   3   2   6
   298   5.33528   1   1   1   4   2   6
   299   5.33528   1   1   1   1   3   6
   300   5.33528   1   1   1   2   3   6
   301   5.33528   1   1   1   3   3   6
   302   5.33528   1   1   1   4   3   6
   303   5.33528   1   1   1   1   4   6
   304   5.33528   1   1   1   2   4   6
   305   5.33528   1   1   1   3   4   6
   306   5.33528   1   1   1   4   4   6
   307   5.39204   1   1   1   1   1   7
   308   5.39204   1   1   1   2   1   7
   309   5.39204   1   1   1   3   1   7
   310   5.39204   1   1   1   4   1   7
   311   5.39204   1   1   1   1   2   7
   312   5.39204   1   1   1   2   2   7
   313   5.39204   1   1   1   3   2   7
   314   5.39204   1   1   1   4   2   7
   315   5.39204   1   1   1   1   3   7
   316   5.39204   1   1   1   2   3   7
   317   5.39204   1   1   1   3   3   7
   318   5.39204   1   1   1   4   3   7
   319   5.39204   1   1   1   1   4   7
   320   5.39204   1   1   1   2   4   7
   321   5.39204   1   1   1   3   4   7
   322   5.39204   1   1   1   4   4   7
   323   5.39204   1   1   1   1   1   8
   324   5.39204   1   1   1   2   1   8
   325   5.39204   1   1   1   3   1   8
   326   5.39204   1   1   1   4   1   8
   327   5.39204   1   1   1   1   2   8
   328   5.39204   1   1   1   2   2   8
   329   5.39204   1   1   1   3   2   8
   330   5.39204   1   1   1   4   2   8
   331   5.39204   1   1   1   1   3   8
   332   5.39204   1   1   1   2   3   8
   333   5.39204   1   1   1   3   3   8
   334   5.39204   1   1   1   4   3   8
   335   5.39204   1   1   1   1   4   8
   336   5.39204   1   1   1   2   4   8
   337   5.39204   1   1   1   3   4   8
   338   5.39204   1   1   1   4   4   8
   339   5.39204   1   1   1   1   1   9
   340   5.39204   1   1   1   2   1   9
   341   5.39204   1   1   1   3   1   9
   342   5.39204   1   1   1   4   1   9
   343   5.39204   1   1   1   1   2   9
   344   5.39204   1   1   1   2   2   9
   345   5.39204   1   1   1   3   2   9
   346   5.39204   1   1   1   4   2   9
   347   5.39204   1   1   1   1   3   9
   348   5.39204   1   1   1   2   3   9
   349   5.39204   1   1   1   3   3   9
   350   5.39204   1   1   1   4   3   9
   351   5.39204   1   1   1   1   4   9
   352   5.39204   1   1   1   2   4   9
   353   5.39204   1   1   1   3   4   9
   354   5.39204   1   1   1   4   4   9
   355   5.39204   1   1   1   1   1   10
   356   5.39204   1   1   1   2   1   10
   357   5.39204   1   1   1   3   1   10
   358   5.39204   1   1   1   4   1   10
   359   5.39204   1   1   1   1   2   10
   360   5.39204   1   1   1   2   2   10
   361   5.39204   1   1   1   3   2   10
   362   5.39204   1   1   1   4   2   10
   363   5.39204   1   1   1   1   3   10
   364   5.39204   1   1   1   2   3   10
   365   5.39204   1   1   1   3   3   10
   366   5.39204   1   1   1   4   3   10
   367   5.39204   1   1   1   1   4   10
   368   5.39204   1   1   1   2   4   10
   369   5.39204   1   1   1   3   4   10
   370   5.39204   1   1   1   4   4   10
   371   5.39204   1   1   1   1   1   11
   372   5.39204   1   1   1   2   1   11
   373   5.39204   1   1   1   3   1   11
   374   5.39204   1   1   1   4   1   11
   375   5.39204   1   1   1   1   2   11
   376   5.39204   1   1   1   2   2   11
   377   5.39204   1   1   1   3   2   11
   378   5.39204   1   1   1   4   2   11
   379   5.39204   1   1   1   1   3   11
   380   5.39204   1   1   1   2   3   11
   381   5.39204   1   1   1   3   3   11
   382   5.39204   1   1   1   4   3   11
   383   5.39204   1   1   1   1   4   11
   384   5.39204   1   1   1   2   4   11
   385   5.39204   1   1   1   3   4   11
   386   5.39204   1   1   1   4   4   11
   387   5.39204   1   1   1   1   1   12
   388   5.39204   1   1   1   2   1   12
   389   5.39204   1   1   1   3   1   12
   390   5.39204   1   1   1   4   1   12
   391   5.39204   1   1   1   1   2   12
   392   5.39204   1   1   1   2   2   12
   393   5.39204   1   1   1   3   2   12
   394   5.39204   1   1   1   4   2   12
   395   5.39204   1   1   1   1   3   12
   396   5.39204   1   1   1   2   3   12
   397   5.39204   1   1   1   3   3   12
   398   5.39204   1   1   1   4   3   12
   399   5.39204   1   1   1   1   4   12
   400   5.39204   1   1   1   2   4   12
   401   5.39204   1   1   1   3   4   12
   402   5.39204   1   1   1   4   4   12
   403   5.39204   1   1   1   1   1   13
   404   5.39204   1   1   1   2   1   13
   405   5.39204   1   1   1   3   1   13
   406   5.39204   1   1   1   4   1   13
   407   5.39204   1   1   1   1   2   13
   408   5.39204   1   1   1   2   2   13
   409   5.39204   1   1   1   3   2   13
   410   5.39204   1   1   1   4   2   13
   411   5.39204   1   1   1   1   3   13
   412   5.39204   1   1   1   2   3   13
   413   5.39204   1   1   1   3   3   13
   414   5.39204   1   1   1   4   3   13
   415   5.39204   1   1   1   1   4   13
   416   5.39204   1   1   1   2   4   13
   417   5.39204   1   1   1   3   4   13
   418   5.39204   1   1   1   4   4   13
   419   5.39204   1   1   1   1   1   14
   420   5.39204   1   1   1   2   1   14
   421   5.39204   1   1   1   3   1   14
   422   5.39204   1   1   1   4   1   14
   423   5.39204   1   1   1   1   2   14
   424   5.39204   1   1   1   2   2   14
   425   5.39204   1   1   1   3   2   14
   426   5.39204   1   1   1   4   2   14
   427   5.39204   1   1   1   1   3   14
   428   5.39204   1   1   1   2   3   14
   429   5.39204   1   1   1   3   3   14
   430   5.39204   1   1   1   4   3   14
   431   5.39204   1   1   1   1   4   14
   432   5.39204   1   1   1   2   4   14
   433   5.39204   1   1   1   3   4   14
   434   5.39204   1   1   1   4   4   14
   435   5.39204   1   1   1   1   1   15
   436   5.39204   1   1   1   2   1   15
   437   5.39204   1   1   1   3   1   15
   438   5.39204   1   1   1   4   1   15
   439   5.39204   1   1   1   1   2   15
   440   5.39204   1   1   1   2   2   15
   441   5.39204   1   1   1   3   2   15
   442   5.39204   1   1   1   4   2   15
   443   5.39204   1   1   1   1   3   15
   444   5.39204   1   1   1   2   3   15
   445   5.39204   1   1   1   3   3   15
   446   5.39204   1   1   1   4   3   15
   447   5.39204   1   1   1   1   4   15
   448   5.39204   1   1   1   2   4   15
   449   5.39204   1   1   1   3   4   15
   450   5.39204   1   1   1   4   4   15
   451   5.39204   1   1   1   1   1   16
   452   5.39204   1   1   1   2   1   16
   453   5.39204   1   1   1   3   1   16
   454   5.39204   1   1   1   4   1   16
   455   5.39204   1   1   1   1   2   16
   456   5.39204   1   1   1   2   2   16
   457   5.39204   1   1   1   3   2   16
   458   5.39204   1   1   1   4   2   16
   459   5.39204   1   1   1   1   3   16
   460   5.39204   1   1   1   2   3   16
   461   5.39204   1   1   1   3   3   16
   462   5.39204   1   1   1   4   3   16
   463   5.39204   1   1   1   1   4   16
   464   5.39204   1   1   1   2   4   16
   465   5.39204   1   1   1   3   4   16
   466   5.39204   1   1   1   4   4   16